,万方亭公园,万科石京龙滑雪场,世界公园,世界花卉大观园,世界葡萄博览中心景区,中国人民抗日战争纪念馆,中国园林博物馆,中国地质博物馆,中央广播电视塔,中山公园,中粮·祥云小镇,丰台花园,乐多港假日广场,云居寺,京城梨园景区,什刹海,伊利集团北京乳品厂,八大处,八奇洞景区,八达岭,八达岭古长城,八达岭野生动物世界,兴隆公园,冶仙塔景区,凤凰岭自然风景区,前门大街景区,动物园,北京九谷口自然风景区,北京二锅头酒博物馆,北京京西古道景区,北京古御道生态旅游景区,北京古钱币展览馆,北京后花园风景区,北京园博园,北京圣泉山旅游风景区,北京大观园,北京天文馆,北京奥林匹克水上公园,北京市劳动人民文化宫,北京市大栅栏商业街区,北京市宣武艺园,北京市植物园,北京欢乐谷,北京汽车博物馆,北京河北村民俗体验园,北京海洋馆,北京渔阳国际滑雪场景区,北京老舍茶馆,北京蓝色港湾,北京蓝调庄园,北京西山国家森林公园,北京西山大觉寺,北京陶瓷艺术馆,北京韩美林艺术馆,北京顺义国际鲜花港,北京顺鑫绿色度假村,北京首创奥莱休闲驿站景区,北宫森林公园,北小河公园,北海公园,十三陵,南宫旅游景区,南新仓文化休闲街景区,历代帝王庙,古塔公园,古崖居原始部落旅游度假区,司马台长城景区,周口店遗址博物馆,响水湖旅游区,四得公园,团结湖公园,圆明园遗址公园,地坛公园,大望京公园,天坛公园,太平洋海底世界博览馆,奥林匹克森林公园,妙峰山风景名胜区,孔庙/国子监,定都阁景区,将府公园,小汤山现代农业示范园,居庸关,庆丰公园,张裕爱斐堡国际酒庄,恭王府,慕田峪长城,戒台寺,房山世界地质公园博物馆,故宫博物院,斯普瑞斯奥莱旅游商业文化体验区,日坛公园,明城墙遗址公园,景山公园,朝阳公园,桃源仙谷自然风景区,水关长城,潭柘寺,爨柏景区,玉渊潭公园,玉渡山风景区,白鹿公园,百望山森林公园,百花山自然风景区,石景山游乐园,石花洞,神堂峪自然风景区,神泉峡景区,稻香湖公园,紫竹院公园,红螺寺,红领巾公园,绿野晴川野生动物园,莲花池公园,虎峪自然风景区,谷山村景区,通州大运河森林度假区,通州运河公园,野鸭湖国家湿地公园,金中都公园,金水湖景区,银山塔林风景区,银狐洞,长力金源（北京）热带植物园,阳台山自然风景区,陶然亭景区,青年湖公园,静之湖度假区,颐和园,首都博物馆,香山公园,鹿世界主题园景区,黄花水长城旅游区,黑龙潭旅游区,龙庆峡,龙潭湖公园,龙脉温泉度假村
万方亭公园,1.0,1.027284681130835e-05,0.0008163265306122449,0.00390625,1.0610192150579848e-05,0.000594883997620464,0.0002687449610319806,0.0013717421124828531,0.0007716049382716049,0.0012755102040816326,7.971938775510203e-05,0.0012755102040816326,3.955539733396622e-05,1.9578667084344897e-05,0.00010850694444444444,0.0009182736455463728,1.679656006449879e-05,0.00017313019390581717,6.830134553650706e-05,2.085027418110548e-05,1.625910509885536e-05,1.6391024275106952e-05,0.0002872737719046251,1.2755102040816327e-05,4.3282548476454294e-05,0.0022675736961451248,0.0007304601899196494,1.351643598615917e-05,0.0022675736961451248,5.9171597633136094e-05,5.072640207775343e-06,0.0008650519031141869,0.0007716049382716049,0.00029726516052318666,1.9069049026525047e-05,0.0044444444444444444,0.0009182736455463728,2.8905075731298415e-05,0.0011111111111111111,0.002770083102493075,0.0025,0.0001384083044982699,0.0007304601899196494,0.0013717421124828531,3.460207612456748e-05,0.0007716049382716049,0.0012755102040816326,0.002066115702479339,0.0002872737719046251,0.00010628122010840685,9.611687812379854e-05,0.00019837333862328903,0.0011890606420927466,0.00011814744801512288,2.475186257765897e-05,3.501277966457757e-05,0.00022276676319893073,0.00015625,0.00021626297577854672,0.001040582726326743,3.0524098775983637e-05,0.00015241579027587258,0.0022675736961451248,0.0013717421124828531,0.0004938271604938272,8.805219734258468e-06,4.9163966745492895e-06,4.10913872452334e-05,1.1185557208532343e-05,0.00026014568158168577,0.0005668934240362812,0.00029726516052318666,0.000594883997620464,0.00015625,0.0022675736961451248,0.0007304601899196494,0.000355998576005696,2.9218407596785974e-05,0.0006925207756232687,7.305135510263716e-05,0.00019837333862328903,7.694675284702985e-05,2.475186257765897e-05,0.0006574621959237344,1.312749422390254e-05,0.0009182736455463728,1.4457343607685523e-05,9.802960494069208e-05,2.5e-05,0.0012755102040816326,0.00019290123456790122,0.0008163265306122449,0.0011111111111111111,0.0011111111111111111,0.0003429355281207133,8.805219734258468e-06,0.000625,6.2000124000248e-05,1.0749798441279227e-05,0.001040582726326743,8.857709750566894e-06,0.00031887755102040814,0.00011080332409972299,8.401596303297626e-06,0.00026014568158168577,4.385772553835358e-05,1.2574820180071425e-05,3.156167150612296e-05,6.503642039542144e-05,0.000594883997620464,1.8107741059302852e-05,0.000355998576005696,4.8225308641975306e-05,0.0011890606420927466,2.085027418110548e-05,5.9171597633136094e-05,0.00011080332409972299,9.802960494069208e-05,1.1728279226871834e-05,0.0044444444444444444,1.5500031000062e-05,0.0007716049382716049,2.7411529289219047e-05,7.971938775510203e-05,5.3279343598486864e-05,0.0030864197530864196,0.000625,3.8578758535550326e-05,0.00016866250632484398,0.0016,0.00012075836251660427,2.1633315305570577e-05,4.9163966745492895e-06,9.245562130177515e-05,9.95133795738837e-06,0.0016,6.298815822625347e-05
万科石京龙滑雪场,1.027284681130835e-05,1.0,9.018027036045055e-06,9.888849333491555e-06,0.0007716049382716049,9.585062638384341e-06,1.0339016345984843e-05,1.2398333663955564e-05,1.2225536701061176e-05,1.1728279226871834e-05,1.1648359328588568e-05,1.0339016345984843e-05,4.056959714390036e-05,4.114396685442031e-06,7.149189281935428e-06,1.2846700325021518e-05,8.210113217461269e-06,1.1728279226871834e-05,9.018027036045055e-06,0.00010850694444444444,0.0001602307322544464,0.00017313019390581717,9.29506246281975e-06,6.852882322304762e-06,2.2249911000356e-05,1.1260754020089185e-05,1.2846700325021518e-05,8.25736557008852e-06,1.1185557208532343e-05,1.2755102040816327e-05,3.329958974905429e-06,1.3616372326084885e-05,1.2939288856684436e-05,9.467455621301774e-06,1.2398333663955564e-05,1.1111111111111112e-05,1.2846700325021518e-05,1.040582726326743e-05,1.1648359328588568e-05,1.1490950876185005e-05,1.1648359328588568e-05,1.351643598615917e-05,8.599857242369777e-06,9.29506246281975e-06,9.525986892242037e-06,1.312749422390254e-05,8.964107712718276e-06,1.1490950876185005e-05,1.0964431384588396e-05,8.910670527957229e-06,1.1973036721303624e-05,1.2398333663955564e-05,9.127335456960049e-06,7.226268932824604e-06,8.753194916144393e-06,8.54963920522554e-06,7.5890383929452295e-06,1.0473287879263938e-05,1.2755102040816327e-05,1.1890606420927467e-05,4.8902146804244705e-05,8.401596303297626e-06,1.1260754020089185e-05,1.2311480455524777e-05,8.753194916144393e-06,0.0003077870113881194,3.2464897329762196e-06,5.696025882741611e-06,1.392292269993317e-05,1.1728279226871834e-05,1.0820637119113573e-05,1.5622803043322032e-05,1.2755102040816327e-05,1.1809024456489649e-05,1.0339016345984843e-05,1.2140489747356409e-05,1.4457343607685523e-05,9.585062638384341e-06,1.2486109203511094e-05,9.182736455463728e-06,1.0892178326743566e-05,1.874027848053822e-05,7.561436672967863e-05,1.00144207659029e-05,6.852882322304762e-06,1.2486109203511094e-05,1.2398333663955564e-05,9.888849333491555e-06,4.664853593569966e-06,1.1728279226871834e-05,1.795461074403907e-05,1.1111111111111112e-05,1.0749798441279227e-05,1.2056327160493826e-05,1.0820637119113573e-05,5.61532759821208e-06,1.0207310475762742e-05,8.65051903114187e-06,8.353102342209896e-06,1.1728279226871834e-05,0.0007716049382716049,8.25736557008852e-06,1.6524555489457333e-05,3.2116750812553794e-06,1.1185557208532343e-05,6.852882322304762e-06,7.934933544931562e-06,9.644689633887581e-06,2.246131039284832e-05,1.312749422390254e-05,1.1037405768148255e-05,1.0610192150579848e-05,4.851636942304334e-06,1.0820637119113573e-05,5.3279343598486864e-05,1.2755102040816327e-05,7.3046018991964936e-06,7.5060987051979735e-06,0.00021003990758244065,1.0892178326743566e-05,9.351999925184e-06,1.2939288856684436e-05,6.157294238619781e-06,5.562477750089e-06,1.992984693877551e-05,1.1111111111111112e-05,1.3319835899621716e-05,1.874027848053822e-05,1.5378700499807768e-05,1.1973036721303624e-05,1.3223140495867768e-05,1.014239928597509e-05,3.2464897329762196e-06,1.826283877565929e-05,0.0025,1.0207310475762742e-05,1.992984693877551e-05
世界公园,0.0008163265306122449,9.018027036045055e-06,1.0,0.0011890606420927466,9.467455621301774e-06,0.0009765625,0.00041649312786339027,0.00029726516052318666,0.000594883997620464,0.000244140625,4.00576830636116e-05,0.002066115702479339,2.986055122577563e-05,2.450740123517302e-05,5.406574394463668e-05,0.00020408163265306123,1.1809024456489649e-05,0.00022276676319893073,7.971938775510203e-05,1.826283877565929e-05,1.4133077053536096e-05,1.423994304022784e-05,0.00010203040506070809,9.351999925184e-06,4.00576830636116e-05,0.0003698224852071006,0.00026014568158168577,1.0207310475762742e-05,0.0003698224852071006,6.830134553650706e-05,4.164931278633902e-06,0.00020408163265306123,0.00018261504747991235,0.0004725897920604915,1.3616372326084885e-05,0.0007716049382716049,0.000355998576005696,1.8579072532699166e-05,0.000244140625,0.00041649312786339027,0.0004725897920604915,0.00016866250632484398,0.00019290123456790122,0.0044444444444444444,2.123638216993353e-05,0.000244140625,0.00043402777777777775,0.00031887755102040814,0.00010628122010840685,5.3279343598486864e-05,0.00011317338162064282,0.00026014568158168577,0.0002687449610319806,5.73921028466483e-05,1.6391024275106952e-05,2.1835968206830292e-05,0.0005408328826392645,0.00019837333862328903,8.416799932665601e-05,0.00021626297577854672,2.450740123517302e-05,0.0002687449610319806,0.0003698224852071006,0.00029726516052318666,0.0001384083044982699,7.934933544931562e-06,4.04843548210794e-06,5.73921028466483e-05,9.351999925184e-06,0.00010203040506070809,0.00015625,0.00018765246762994934,0.0001384083044982699,6.609822195782933e-05,0.00038446751249519417,0.0005668934240362812,0.00011814744801512288,3.228305785123967e-05,0.00017313019390581717,8.416799932665601e-05,8.416799932665601e-05,4.056959714390036e-05,2.143347050754458e-05,0.00017313019390581717,9.644689633887581e-06,0.00020408163265306123,1.0749798441279227e-05,0.0001321178491214163,3.228305785123967e-05,0.00026014568158168577,0.0001234567901234568,0.00019290123456790122,0.000244140625,0.00021626297577854672,0.00012075836251660427,6.781684027777777e-06,0.001040582726326743,7.06164818868724e-05,1.1413440467494522e-05,0.0004526935264825713,7.979826997350698e-06,0.00010850694444444444,9.802960494069208e-05,9.29506246281975e-06,0.000355998576005696,5.6532308214144386e-05,9.525986892242037e-06,3.501277966457757e-05,6.009254251547383e-05,0.000355998576005696,1.3032881961188077e-05,0.00012075836251660427,5.486968449931413e-05,0.0008650519031141869,1.795461074403907e-05,6.830134553650706e-05,5.486968449931413e-05,5.02992807202857e-05,1.040582726326743e-05,0.0007304601899196494,1.1413440467494522e-05,0.00018261504747991235,3.3412409368839586e-05,6.718624025799516e-05,4.959333465582226e-05,0.0004526935264825713,0.0001602307322544464,2.4029219530949635e-05,0.00019290123456790122,0.0005408328826392645,0.000148720999405116,1.46797610134907e-05,4.04843548210794e-06,8.264462809917356e-05,8.753194916144393e-06,0.0002872737719046251,3.501277966457757e-05
世界花卉大观园,0.00390625,9.888849333491555e-06,0.0011890606420927466,1.0,1.0078105316200555e-05,0.0006574621959237344,0.0002872737719046251,0.001040582726326743,0.0006925207756232687,0.0008650519031141869,6.2000124000248e-05,0.0011890606420927466,3.58564308508731e-05,2.1835968206830292e-05,9.070294784580499e-05,0.0006574621959237344,1.4792899408284024e-05,0.00016866250632484398,6.718624025799516e-05,1.9406547769217335e-05,1.52587890625e-05,1.52587890625e-05,0.00021003990758244065,1.1413440467494522e-05,4.162330905306972e-05,0.0011890606420927466,0.0004725897920604915,1.2574820180071425e-05,0.0011890606420927466,5.8271662490530857e-05,4.746512499940669e-06,0.0006574621959237344,0.0005668934240362812,0.00031887755102040814,1.736111111111111e-05,0.0025,0.0006925207756232687,2.475186257765897e-05,0.0007304601899196494,0.0016,0.001736111111111111,0.00012913223140495868,0.0004938271604938272,0.002770083102493075,2.9218407596785974e-05,0.0005165289256198347,0.0011890606420927466,0.0011890606420927466,0.00021626297577854672,8.8999644001424e-05,9.070294784580499e-05,0.00019290123456790122,0.0008163265306122449,9.611687812379854e-05,2.143347050754458e-05,2.953686200378072e-05,0.00033057851239669424,0.000148720999405116,0.0001602307322544464,0.0007304601899196494,2.7994736989445986e-05,0.00018765246762994934,0.0011890606420927466,0.001040582726326743,0.00033057851239669424,8.353102342209896e-06,4.6049844351526094e-06,4.8225308641975306e-05,1.014239928597509e-05,0.00019837333862328903,0.00038446751249519417,0.000244140625,0.0003429355281207133,0.00011080332409972299,0.0011890606420927466,0.0006925207756232687,0.0002687449610319806,2.8905075731298415e-05,0.00043402777777777775,7.06164818868724e-05,0.00015625,6.298815822625347e-05,2.2675736961451248e-05,0.00043402777777777775,1.1809024456489649e-05,0.0006925207756232687,1.3319835899621716e-05,0.00010412328196584757,2.8293345405160706e-05,0.0007716049382716049,0.000148720999405116,0.0005165289256198347,0.0007304601899196494,0.0007304601899196494,0.0002519526329050139,8.070764462809918e-06,0.0006925207756232687,6.009254251547383e-05,1.0679653124866504e-05,0.0008163265306122449,8.450513791238508e-06,0.0002295684113865932,0.00010628122010840685,8.65051903114187e-06,0.0002519526329050139,4.756242568370987e-05,1.1648359328588568e-05,3.08641975308642e-05,6.298815822625347e-05,0.00043402777777777775,1.6524555489457333e-05,0.0002519526329050139,5.6532308214144386e-05,0.001040582726326743,1.9236688211757463e-05,5.8271662490530857e-05,9.070294784580499e-05,8.264462809917356e-05,1.1037405768148255e-05,0.0025,1.423994304022784e-05,0.0005668934240362812,2.9218407596785974e-05,8.416799932665601e-05,5.102040816326531e-05,0.001736111111111111,0.00043402777777777775,3.3412409368839586e-05,0.00015625,0.0011890606420927466,0.00011562030292519366,1.8903591682419658e-05,4.6049844351526094e-06,8.734387282732117e-05,9.467455621301774e-06,0.0008650519031141869,5.250997689561016e-05
世界葡萄博览中心景区,1.0610192150579848e-05,0.0007716049382716049,9.467455621301774e-06,1.0078105316200555e-05,1.0,1.0078105316200555e-05,1.1490950876185005e-05,1.2846700325021518e-05,1.2939288856684436e-05,1.2140489747356409e-05,1.2140489747356409e-05,1.0892178326743566e-05,4.6913116907487336e-05,4.395044148218469e-06,7.38421550094518e-06,1.3319835899621716e-05,8.305027032862993e-06,1.2398333663955564e-05,9.95133795738837e-06,0.0001602307322544464,0.0002519526329050139,0.0002777777777777778,9.585062638384341e-06,6.961800600107212e-06,2.6030820491461892e-05,1.1648359328588568e-05,1.3319835899621716e-05,8.070764462809918e-06,1.156925355176084e-05,1.4457343607685523e-05,3.3543989587945633e-06,1.4133077053536096e-05,1.3417595835178253e-05,1.0339016345984843e-05,1.1336711673412011e-05,1.1490950876185005e-05,1.351643598615917e-05,1.0541406645302749e-05,1.2056327160493826e-05,1.1890606420927467e-05,1.2056327160493826e-05,1.4348025711662075e-05,8.857709750566894e-06,9.765625e-06,9.826947455311957e-06,1.3616372326084885e-05,9.29506246281975e-06,1.1890606420927467e-05,1.1336711673412011e-05,9.182736455463728e-06,1.2664479933131545e-05,1.312749422390254e-05,9.409462155143212e-06,7.4245112815448925e-06,8.857709750566894e-06,8.805219734258468e-06,8.401596303297626e-06,1.1648359328588568e-05,1.3223140495867768e-05,1.2311480455524777e-05,4.10913872452334e-05,9.238643397603495e-06,1.1648359328588568e-05,1.2755102040816327e-05,9.018027036045055e-06,0.0009765625,3.281873555975635e-06,6.187965644414742e-06,1.2574820180071425e-05,1.2140489747356409e-05,1.1185557208532343e-05,1.665972511453561e-05,1.3223140495867768e-05,1.2225536701061176e-05,1.0679653124866504e-05,1.2846700325021518e-05,1.5023135628868457e-05,1.0679653124866504e-05,1.2939288856684436e-05,1.0207310475762742e-05,1.1260754020089185e-05,1.9578667084344897e-05,0.00010203040506070809,1.040582726326743e-05,6.925207756232687e-06,1.2939288856684436e-05,1.1336711673412011e-05,1.1037405768148255e-05,5.027247682438818e-06,1.2140489747356409e-05,1.9236688211757463e-05,1.1490950876185005e-05,1.1111111111111112e-05,1.2574820180071425e-05,1.1185557208532343e-05,5.433571867138301e-06,1.0749798441279227e-05,9.585062638384341e-06,1.0473287879263938e-05,1.2398333663955564e-05,0.0008163265306122449,8.499859752314087e-06,1.76541204717181e-05,3.4166891598703026e-06,1.1809024456489649e-05,7.465137806443907e-06,7.547397657287767e-06,1.0339016345984843e-05,2.6298487836949376e-05,1.392292269993317e-05,1.014239928597509e-05,1.0964431384588396e-05,4.9602928556902e-06,1.1413440467494522e-05,6.830134553650706e-05,1.4457343607685523e-05,7.5060987051979735e-06,7.71604938271605e-06,0.0011111111111111111,1.1260754020089185e-05,8.857709750566894e-06,1.3417595835178253e-05,6.676949168385981e-06,5.7233121952336254e-06,2.3337767509160075e-05,1.1490950876185005e-05,1.3819598955238318e-05,1.9069049026525047e-05,1.6391024275106952e-05,1.2398333663955564e-05,1.4027409558276873e-05,1.0339016345984843e-05,3.270014943968294e-06,2.1041999831664002e-05,0.00038446751249519417,1.0541406645302749e-05,2.029056083110137e-05
中国人民抗日战争纪念馆,0.000594883997620464,9.585062638384341e-06,0.0009765625,0.0006574621959237344,1.0078105316200555e-05,1.0,0.001736111111111111,0.00041649312786339027,0.0007304601899196494,0.00033057851239669424,4.504301608035674e-05,0.0025,3.265306122448979e-05,2.953686200378072e-05,5.569169079973268e-05,0.0002872737719046251,1.2574820180071425e-05,0.000625,0.00017313019390581717,1.9578667084344897e-05,1.5140274644582053e-05,1.5140274644582053e-05,0.00011317338162064282,9.888849333491555e-06,5.8271662490530857e-05,0.00043402777777777775,0.0003077870113881194,1.0749798441279227e-05,0.00043402777777777775,0.00011317338162064282,4.304333603071572e-06,0.00026014568158168577,0.0002519526329050139,0.002066115702479339,1.4457343607685523e-05,0.0007304601899196494,0.0004526935264825713,2.0108990729755272e-05,0.0002687449610319806,0.0005668934240362812,0.000625,0.0003429355281207133,0.0001417233560090703,0.0012755102040816326,2.3113905325443786e-05,0.00029726516052318666,0.00023668639053254438,0.0004725897920604915,0.00011317338162064282,5.73921028466483e-05,0.00019290123456790122,0.0006574621959237344,0.00020408163265306123,5.8271662490530857e-05,1.7506696311339088e-05,2.3795359904818562e-05,0.0006925207756232687,0.0007716049382716049,9.802960494069208e-05,0.0002872737719046251,2.684635829149776e-05,0.0008163265306122449,0.00043402777777777775,0.00043402777777777775,0.00012075836251660427,8.305027032862993e-06,4.18198318006365e-06,7.694675284702985e-05,9.826947455311957e-06,0.00010850694444444444,0.00016866250632484398,0.00023668639053254438,0.00017313019390581717,7.305135510263716e-05,0.0003077870113881194,0.0006925207756232687,0.00014515894904920887,4.565376186997809e-05,0.00018765246762994934,0.00018765246762994934,8.734387282732117e-05,4.385772553835358e-05,2.3113905325443786e-05,0.00018261504747991235,1.014239928597509e-05,0.0002872737719046251,1.1413440467494522e-05,0.0003698224852071006,4.00576830636116e-05,0.0002872737719046251,0.00015241579027587258,0.00021003990758244065,0.0002687449610319806,0.00029726516052318666,0.00012624668602449185,7.111111111111111e-06,0.00510204081632653,0.00014515894904920887,1.3819598955238318e-05,0.000625,8.401596303297626e-06,0.0001,0.00011562030292519366,1.1728279226871834e-05,0.0011111111111111111,9.425959091337543e-05,1.00144207659029e-05,4.8902146804244705e-05,6.609822195782933e-05,0.0004526935264825713,1.392292269993317e-05,0.00012624668602449185,4.385772553835358e-05,0.0011111111111111111,1.9406547769217335e-05,0.00011317338162064282,5.8271662490530857e-05,5.406574394463668e-05,1.0964431384588396e-05,0.0007304601899196494,1.2056327160493826e-05,0.0002519526329050139,5.250997689561016e-05,4.504301608035674e-05,7.561436672967863e-05,0.0004938271604938272,0.00019837333862328903,2.5507601265177022e-05,0.000244140625,0.0006925207756232687,0.0002519526329050139,1.5622803043322032e-05,4.18198318006365e-06,9.611687812379854e-05,9.238643397603495e-06,0.0002687449610319806,3.7637848620572846e-05
中国园林博物馆,0.0002687449610319806,1.0339016345984843e-05,0.00041649312786339027,0.0002872737719046251,1.1490950876185005e-05,0.001736111111111111,1.0,0.00023668639053254438,0.0004,0.00019837333862328903,3.628973726230222e-05,0.0009182736455463728,3.6730945821854914e-05,2.712673611111111e-05,4.2718612499466016e-05,0.00017313019390581717,1.1185557208532343e-05,0.0007304601899196494,0.00041649312786339027,2.3113905325443786e-05,1.7506696311339088e-05,1.7506696311339088e-05,7.971938775510203e-05,8.910670527957229e-06,8.573388203017832e-05,0.0002295684113865932,0.00020408163265306123,9.765625e-06,0.00022276676319893073,0.00022276676319893073,4.032193029144691e-06,0.0001643655489809336,0.00015625,0.0034602076124567475,1.2939288856684436e-05,0.0003429355281207133,0.0002687449610319806,1.736111111111111e-05,0.00017313019390581717,0.0002687449610319806,0.0003077870113881194,0.0003429355281207133,9.425959091337543e-05,0.0005408328826392645,1.9753086419753087e-05,0.00019290123456790122,0.0001384083044982699,0.0002519526329050139,7.831466833737959e-05,4.4444444444444447e-05,0.00019837333862328903,0.0006925207756232687,0.0001234567901234568,4.504301608035674e-05,1.5378700499807768e-05,2.029056083110137e-05,0.0004938271604938272,0.0030864197530864196,7.431629013079666e-05,0.00017777777777777779,2.712673611111111e-05,0.0008650519031141869,0.0002295684113865932,0.00023668639053254438,8.264462809917356e-05,9.238643397603495e-06,3.921184197627684e-06,7.305135510263716e-05,9.888849333491555e-06,7.971938775510203e-05,0.00011317338162064282,0.00017313019390581717,0.00011562030292519366,5.569169079973268e-05,0.00017313019390581717,0.0003698224852071006,0.00010412328196584757,6.830134553650706e-05,0.0001321178491214163,0.0004938271604938272,6.609822195782933e-05,3.955539733396622e-05,2.7700831024930747e-05,0.00012075836251660427,9.182736455463728e-06,0.00017777777777777779,1.0339016345984843e-05,0.0008163265306122449,3.8578758535550326e-05,0.00017777777777777779,0.0001234567901234568,0.0001417233560090703,0.00016866250632484398,0.00018261504747991235,8.8999644001424e-05,6.507705122865473e-06,0.0025,0.00033057851239669424,1.7075336384126766e-05,0.00031887755102040814,9.351999925184e-06,7.06164818868724e-05,0.00011562030292519366,1.3417595835178253e-05,0.0014792899408284023,0.00011814744801512288,9.127335456960049e-06,7.561436672967863e-05,7.971938775510203e-05,0.00026014568158168577,1.2486109203511094e-05,9.070294784580499e-05,3.501277966457757e-05,0.0005408328826392645,2.2893248780934502e-05,0.00022276676319893073,4.4444444444444447e-05,4.2165626581210996e-05,1.2486109203511094e-05,0.00033057851239669424,1.0892178326743566e-05,0.00015625,7.06164818868724e-05,3.58564308508731e-05,0.00012075836251660427,0.0002519526329050139,0.00012913223140495868,2.3795359904818562e-05,0.00022276676319893073,0.0003698224852071006,0.00026014568158168577,1.3819598955238318e-05,3.921184197627684e-06,9.611687812379854e-05,9.826947455311957e-06,0.00015625,3.419855682090216e-05
中国地质博物馆,0.0013717421124828531,1.2398333663955564e-05,0.00029726516052318666,0.001040582726326743,1.2846700325021518e-05,0.00041649312786339027,0.00023668639053254438,1.0,0.0025,0.0044444444444444444,0.00012624668602449185,0.0008163265306122449,5.9171597633136094e-05,1.721733441228629e-05,0.00011080332409972299,0.00510204081632653,2.029056083110137e-05,0.0004526935264825713,7.971938775510203e-05,2.7700831024930747e-05,2.085027418110548e-05,2.1041999831664002e-05,0.0005165289256198347,1.5023135628868457e-05,6.503642039542144e-05,0.0030864197530864196,0.0025,1.665972511453561e-05,0.002770083102493075,8.8999644001424e-05,5.61532759821208e-06,0.00510204081632653,0.0034602076124567475,0.0002519526329050139,2.4266543716178503e-05,0.001890359168241966,0.00390625,3.7637848620572846e-05,0.0034602076124567475,0.00390625,0.0034602076124567475,0.0003077870113881194,0.000355998576005696,0.0004938271604938272,4.565376186997809e-05,0.0030864197530864196,0.0005165289256198347,0.00390625,0.0007716049382716049,0.00018765246762994934,0.00018261504747991235,0.0005668934240362812,0.000594883997620464,0.00011814744801512288,3.156167150612296e-05,4.756242568370987e-05,0.00012075836251660427,0.00019837333862328903,0.000594883997620464,0.00510204081632653,4.385772553835358e-05,0.00012913223140495868,0.0030864197530864196,0.005917159763313609,0.0003429355281207133,1.0541406645302749e-05,5.458992051707573e-06,3.419855682090216e-05,1.3319835899621716e-05,0.0007304601899196494,0.0014792899408284023,0.0008163265306122449,0.0016,0.00033057851239669424,0.0011890606420927466,0.0022675736961451248,0.0011111111111111111,3.8578758535550326e-05,0.0022675736961451248,8.573388203017832e-05,0.0004725897920604915,0.00012624668602449185,3.380205516495403e-05,0.0009182736455463728,1.5622803043322032e-05,0.00510204081632653,1.780341469493849e-05,0.00010628122010840685,2.1835968206830292e-05,0.00390625,0.0004725897920604915,0.001890359168241966,0.0014792899408284023,0.005917159763313609,0.0009182736455463728,1.0078105316200555e-05,0.0004526935264825713,7.06164818868724e-05,1.2664479933131545e-05,0.0030864197530864196,1.0610192150579848e-05,0.0002519526329050139,0.00022276676319893073,8.805219734258468e-06,0.0005408328826392645,3.8578758535550326e-05,1.52587890625e-05,4.162330905306972e-05,0.00011080332409972299,0.001890359168241966,2.2893248780934502e-05,0.0008650519031141869,3.501277966457757e-05,0.0011890606420927466,2.7700831024930747e-05,8.8999644001424e-05,0.00011814744801512288,0.0001234567901234568,1.4457343607685523e-05,0.0016,1.9236688211757463e-05,0.0034602076124567475,3.0189590629151068e-05,5.6532308214144386e-05,8.416799932665601e-05,0.002770083102493075,0.0025,5.406574394463668e-05,0.00041649312786339027,0.00390625,0.00026014568158168577,2.712673611111111e-05,5.433571867138301e-06,0.00017313019390581717,1.2056327160493826e-05,0.0011111111111111111,9.802960494069208e-05
中央广播电视塔,0.0007716049382716049,1.2225536701061176e-05,0.000594883997620464,0.0006925207756232687,1.2939288856684436e-05,0.0007304601899196494,0.0004,0.0025,1.0,0.0009765625,7.831466833737959e-05,0.001736111111111111,5.102040816326531e-05,1.992984693877551e-05,7.831466833737959e-05,0.001040582726326743,1.6524555489457333e-05,0.0006574621959237344,0.00011317338162064282,2.684635829149776e-05,1.9753086419753087e-05,1.992984693877551e-05,0.0002295684113865932,1.2574820180071425e-05,7.305135510263716e-05,0.0011111111111111111,0.0013717421124828531,1.351643598615917e-05,0.001040582726326743,0.00010203040506070809,5.027247682438818e-06,0.001040582726326743,0.0008650519031141869,0.0004938271604938272,1.8903591682419658e-05,0.0012755102040816326,0.0025,2.8596757127741712e-05,0.0008163265306122449,0.0012755102040816326,0.001736111111111111,0.0004,0.00018765246762994934,0.0008650519031141869,3.380205516495403e-05,0.0012755102040816326,0.0002519526329050139,0.0012755102040816326,0.0002687449610319806,0.0001,0.00022276676319893073,0.0007716049382716049,0.0002687449610319806,8.416799932665601e-05,2.450740123517302e-05,3.501277966457757e-05,0.00017313019390581717,0.000355998576005696,0.00021626297577854672,0.0009765625,3.8578758535550326e-05,0.00019837333862328903,0.0011111111111111111,0.0014792899408284023,0.00019837333862328903,1.014239928597509e-05,4.8730806153726205e-06,4.2165626581210996e-05,1.2225536701061176e-05,0.0002777777777777778,0.00043402777777777775,0.0008650519031141869,0.000625,0.00015241579027587258,0.0005668934240362812,0.005917159763313609,0.0004,4.2165626581210996e-05,0.0006574621959237344,0.0001234567901234568,0.00019837333862328903,7.561436672967863e-05,3.228305785123967e-05,0.0004526935264825713,1.2939288856684436e-05,0.0009765625,1.4457343607685523e-05,0.0001602307322544464,2.5767218944059367e-05,0.0008650519031141869,0.0004526935264825713,0.0006574621959237344,0.0007304601899196494,0.001040582726326743,0.0003077870113881194,8.7016298152644e-06,0.0009182736455463728,0.0001,1.3319835899621716e-05,0.0025,1.0207310475762742e-05,0.00015625,0.0002777777777777778,9.888849333491555e-06,0.0009182736455463728,4.8902146804244705e-05,1.2486109203511094e-05,4.627701420704336e-05,0.00012913223140495868,0.0025,1.8107741059302852e-05,0.0002872737719046251,3.5430839002267575e-05,0.002770083102493075,2.6298487836949376e-05,0.00010203040506070809,8.416799932665601e-05,8.573388203017832e-05,1.3819598955238318e-05,0.0011890606420927466,1.5378700499807768e-05,0.0008650519031141869,3.7180249851279e-05,4.756242568370987e-05,9.611687812379854e-05,0.001040582726326743,0.0007304601899196494,3.8103947568968146e-05,0.0005668934240362812,0.0034602076124567475,0.00033057851239669424,2.123638216993353e-05,4.8730806153726205e-06,0.00021003990758244065,1.1336711673412011e-05,0.0005408328826392645,6.2000124000248e-05
中山公园,0.0012755102040816326,1.1728279226871834e-05,0.000244140625,0.0008650519031141869,1.2140489747356409e-05,0.00033057851239669424,0.00019837333862328903,0.0044444444444444444,0.0009765625,1.0,0.0001384083044982699,0.0006574621959237344,5.3279343598486864e-05,1.6524555489457333e-05,0.00013520822065981613,0.002770083102493075,2.1041999831664002e-05,0.0002872737719046251,7.181844297615628e-05,2.5767218944059367e-05,1.9578667084344897e-05,1.9753086419753087e-05,0.0006574621959237344,1.5622803043322032e-05,5.406574394463668e-05,0.00510204081632653,0.0012755102040816326,1.679656006449879e-05,0.0044444444444444444,7.06164818868724e-05,5.750795047415305e-06,0.002770083102493075,0.0025,0.00021003990758244065,2.450740123517302e-05,0.0014792899408284023,0.001736111111111111,3.955539733396622e-05,0.005917159763313609,0.0044444444444444444,0.0022675736961451248,0.00021003990758244065,0.0005408328826392645,0.00038446751249519417,4.8902146804244705e-05,0.0013717421124828531,0.0006925207756232687,0.005917159763313609,0.0008650519031141869,0.00019837333862328903,0.0001321178491214163,0.00033057851239669424,0.0008650519031141869,0.000148720999405116,3.302946228035408e-05,4.959333465582226e-05,0.00010628122010840685,0.00016866250632484398,0.000625,0.005917159763313609,3.955539733396622e-05,0.00011562030292519366,0.00510204081632653,0.00390625,0.0005165289256198347,1.00144207659029e-05,5.562477750089e-06,3.228305785123967e-05,1.351643598615917e-05,0.0008163265306122449,0.001736111111111111,0.0005165289256198347,0.001890359168241966,0.000355998576005696,0.001890359168241966,0.0011890606420927466,0.001040582726326743,3.302946228035408e-05,0.0025,7.694675284702985e-05,0.0005408328826392645,0.00012913223140495868,3.121001217190475e-05,0.0013717421124828531,1.6128772116578765e-05,0.0030864197530864196,1.8107741059302852e-05,9.425959091337543e-05,2.066115702479339e-05,0.005917159763313609,0.0003429355281207133,0.0022675736961451248,0.002770083102493075,0.005917159763313609,0.0009765625,1.040582726326743e-05,0.0003698224852071006,6.503642039542144e-05,1.156925355176084e-05,0.0014792899408284023,1.014239928597509e-05,0.000355998576005696,0.0001602307322544464,8.54963920522554e-06,0.00033057851239669424,3.58564308508731e-05,1.5378700499807768e-05,3.5430839002267575e-05,8.734387282732117e-05,0.001040582726326743,2.3337767509160075e-05,0.0009765625,3.265306122448979e-05,0.0009765625,2.5767218944059367e-05,7.06164818868724e-05,0.000148720999405116,0.00015241579027587258,1.3717421124828532e-05,0.0012755102040816326,1.9406547769217335e-05,0.0025,2.8293345405160706e-05,6.4e-05,6.830134553650706e-05,0.0030864197530864196,0.002066115702479339,5.569169079973268e-05,0.0002687449610319806,0.001890359168241966,0.00017777777777777779,2.8293345405160706e-05,5.562477750089e-06,0.00012913223140495868,1.1490950876185005e-05,0.001736111111111111,0.00010203040506070809
中粮·祥云小镇,7.971938775510203e-05,1.1648359328588568e-05,4.00576830636116e-05,6.2000124000248e-05,1.2140489747356409e-05,4.504301608035674e-05,3.628973726230222e-05,0.00012624668602449185,7.831466833737959e-05,0.0001384083044982699,1.0,5.73921028466483e-05,5.569169079973268e-05,8.65051903114187e-06,0.00010628122010840685,0.0001321178491214163,5.73921028466483e-05,5.6532308214144386e-05,2.246131039284832e-05,2.684635829149776e-05,2.0108990729755272e-05,2.029056083110137e-05,0.0001643655489809336,3.5430839002267575e-05,4.8902146804244705e-05,0.00011562030292519366,0.00010628122010840685,4.2718612499466016e-05,0.00011317338162064282,2.9218407596785974e-05,9.127335456960049e-06,0.00016866250632484398,0.000148720999405116,3.8103947568968146e-05,7.561436672967863e-05,7.831466833737959e-05,0.00011814744801512288,0.00018765246762994934,0.00013520822065981613,0.00010850694444444444,9.611687812379854e-05,7.831466833737959e-05,9.611687812379854e-05,4.8902146804244705e-05,0.0003077870113881194,0.00011317338162064282,8.416799932665601e-05,0.00012075836251660427,0.00026014568158168577,0.00029726516052318666,5.9171597633136094e-05,6.103515625e-05,0.00010412328196584757,0.00010412328196584757,0.00012913223140495868,0.00019290123456790122,2.7700831024930747e-05,3.419855682090216e-05,0.0004526935264825713,0.00012913223140495868,4.959333465582226e-05,2.8596757127741712e-05,0.00011562030292519366,0.00012075836251660427,0.0001234567901234568,1.027284681130835e-05,8.753194916144393e-06,1.3717421124828532e-05,2.7700831024930747e-05,0.0004526935264825713,0.00020408163265306123,0.00013520822065981613,0.00022276676319893073,0.0007304601899196494,0.00011080332409972299,8.734387282732117e-05,0.00021003990758244065,1.9236688211757463e-05,0.00021003990758244065,2.3113905325443786e-05,0.0004526935264825713,0.0004,3.228305785123967e-05,0.000148720999405116,3.7637848620572846e-05,0.0001417233560090703,4.565376186997809e-05,2.5767218944059367e-05,1.0207310475762742e-05,0.0001384083044982699,0.00020408163265306123,0.00018765246762994934,0.00015625,0.00015241579027587258,0.00023668639053254438,1.992984693877551e-05,4.6913116907487336e-05,2.1041999831664002e-05,8.025102520684701e-06,8.8999644001424e-05,1.0339016345984843e-05,0.00011317338162064282,0.00010412328196584757,5.2604999579160005e-06,5.175715542673774e-05,1.46797610134907e-05,3.7637848620572846e-05,1.9406547769217335e-05,8.264462809917356e-05,9.802960494069208e-05,6.830134553650706e-05,0.00021626297577854672,1.392292269993317e-05,6.718624025799516e-05,2.6570305027101713e-05,2.9218407596785974e-05,0.00011317338162064282,0.00012624668602449185,1.4027409558276873e-05,7.431629013079666e-05,5.486968449931413e-05,0.000148720999405116,1.2574820180071425e-05,2.9218407596785974e-05,5.73921028466483e-05,0.00010203040506070809,0.00021003990758244065,0.00017777777777777779,9.611687812379854e-05,9.611687812379854e-05,7.431629013079666e-05,9.611687812379854e-05,8.753194916144393e-06,9.245562130177515e-05,1.1728279226871834e-05,0.00012913223140495868,0.00029726516052318666
丰台花园,0.0012755102040816326,1.0339016345984843e-05,0.002066115702479339,0.0011890606420927466,1.0892178326743566e-05,0.0025,0.0009182736455463728,0.0008163265306122449,0.001736111111111111,0.0006574621959237344,5.73921028466483e-05,1.0,4.00576830636116e-05,2.4029219530949635e-05,7.431629013079666e-05,0.000594883997620464,1.423994304022784e-05,0.0004938271604938272,0.00012624668602449185,2.246131039284832e-05,1.6935087808430286e-05,1.7075336384126766e-05,0.00016866250632484398,1.1111111111111112e-05,5.6532308214144386e-05,0.0009182736455463728,0.0006574621959237344,1.2140489747356409e-05,0.0008650519031141869,0.00010412328196584757,4.6447681331747915e-06,0.0005165289256198347,0.0004725897920604915,0.0009765625,1.665972511453561e-05,0.001890359168241966,0.0009765625,2.356489772834386e-05,0.0005408328826392645,0.0011111111111111111,0.0012755102040816326,0.0003429355281207133,0.0002519526329050139,0.0025,2.7700831024930747e-05,0.000625,0.0004,0.0009765625,0.00017313019390581717,7.694675284702985e-05,0.00019290123456790122,0.000625,0.0004,7.831466833737959e-05,2.047460125714052e-05,2.8596757127741712e-05,0.00031887755102040814,0.00041649312786339027,0.00014515894904920887,0.000594883997620464,3.121001217190475e-05,0.00038446751249519417,0.0009182736455463728,0.0008650519031141869,0.00019290123456790122,9.072434315575554e-06,4.507733015988929e-06,5.569169079973268e-05,1.0820637119113573e-05,0.0001643655489809336,0.0002777777777777778,0.00038446751249519417,0.0002872737719046251,0.0001,0.0007304601899196494,0.0016,0.0002295684113865932,4.2718612499466016e-05,0.00033057851239669424,0.00013520822065981613,0.00012624668602449185,5.8271662490530857e-05,2.684635829149776e-05,0.00031887755102040814,1.1413440467494522e-05,0.000594883997620464,1.2939288856684436e-05,0.00019290123456790122,3.156167150612296e-05,0.000594883997620464,0.000244140625,0.00038446751249519417,0.0005408328826392645,0.000625,0.00019837333862328903,7.846275765208045e-06,0.0025,0.00010850694444444444,1.3417595835178253e-05,0.0012755102040816326,9.127335456960049e-06,0.00014515894904920887,0.00017777777777777779,1.014239928597509e-05,0.0008650519031141869,6.830134553650706e-05,1.1260754020089185e-05,4.627701420704336e-05,8.8999644001424e-05,0.0009765625,1.6e-05,0.00019837333862328903,4.162330905306972e-05,0.0030864197530864196,2.2041482069254335e-05,0.00010412328196584757,7.694675284702985e-05,7.181844297615628e-05,1.2140489747356409e-05,0.001736111111111111,1.3717421124828532e-05,0.0004725897920604915,3.90625e-05,5.73921028466483e-05,7.181844297615628e-05,0.0011890606420927466,0.000355998576005696,3.191930798940279e-05,0.0004,0.0014792899408284023,0.0002777777777777778,1.8107741059302852e-05,4.507733015988929e-06,0.0001384083044982699,1.0078105316200555e-05,0.0005668934240362812,4.8902146804244705e-05
乐多港假日广场,3.955539733396622e-05,4.056959714390036e-05,2.986055122577563e-05,3.58564308508731e-05,4.6913116907487336e-05,3.265306122448979e-05,3.6730945821854914e-05,5.9171597633136094e-05,5.102040816326531e-05,5.3279343598486864e-05,5.569169079973268e-05,4.00576830636116e-05,1.0,8.401596303297626e-06,2.047460125714052e-05,6.298815822625347e-05,2.52518875785965e-05,5.102040816326531e-05,2.953686200378072e-05,0.00033057851239669424,0.0001321178491214163,0.00013520822065981613,3.228305785123967e-05,1.874027848053822e-05,0.00022276676319893073,4.756242568370987e-05,6.2000124000248e-05,2.4029219530949635e-05,4.6913116907487336e-05,5.8271662490530857e-05,6.344815334149699e-06,7.06164818868724e-05,6.298815822625347e-05,3.3412409368839586e-05,3.6730945821854914e-05,4.627701420704336e-05,6.298815822625347e-05,3.90625e-05,5.175715542673774e-05,4.959333465582226e-05,5.02992807202857e-05,6.944444444444444e-05,2.8293345405160706e-05,3.228305785123967e-05,3.380205516495403e-05,6.503642039542144e-05,3.08641975308642e-05,4.959333465582226e-05,4.504301608035674e-05,2.986055122577563e-05,5.3279343598486864e-05,5.8271662490530857e-05,3.121001217190475e-05,2.066115702479339e-05,2.8293345405160706e-05,2.7700831024930747e-05,2.246131039284832e-05,3.8578758535550326e-05,6.103515625e-05,5.250997689561016e-05,0.0011111111111111111,2.6030820491461892e-05,4.756242568370987e-05,5.73921028466483e-05,2.9218407596785974e-05,3.228305785123967e-05,6.126850308793255e-06,1.3717421124828532e-05,4.4444444444444447e-05,5.175715542673774e-05,4.385772553835358e-05,9.611687812379854e-05,6.103515625e-05,5.250997689561016e-05,4.00576830636116e-05,5.569169079973268e-05,8.264462809917356e-05,3.302946228035408e-05,5.9171597633136094e-05,3.0524098775983637e-05,4.4444444444444447e-05,0.0001643655489809336,0.0006925207756232687,3.7637848620572846e-05,1.874027848053822e-05,5.9171597633136094e-05,3.6730945821854914e-05,3.501277966457757e-05,1.014239928597509e-05,5.3279343598486864e-05,0.0001417233560090703,4.565376186997809e-05,4.2718612499466016e-05,5.8271662490530857e-05,4.3282548476454294e-05,1.2664479933131545e-05,3.8578758535550326e-05,2.7411529289219047e-05,1.625910509885536e-05,5.102040816326531e-05,3.265306122448979e-05,2.6298487836949376e-05,0.00011562030292519366,5.977965220198349e-06,4.6913116907487336e-05,1.826283877565929e-05,2.143347050754458e-05,3.3412409368839586e-05,0.0002519526329050139,6.4e-05,3.501277966457757e-05,4.162330905306972e-05,1.0964431384588396e-05,4.3282548476454294e-05,0.0003077870113881194,5.8271662490530857e-05,2.123638216993353e-05,2.2249911000356e-05,5.8271662490530857e-05,4.4444444444444447e-05,2.8293345405160706e-05,6.298815822625347e-05,1.5378700499807768e-05,1.3616372326084885e-05,0.0001602307322544464,4.627701420704336e-05,6.830134553650706e-05,0.00015625,9.425959091337543e-05,5.406574394463668e-05,6.609822195782933e-05,3.7637848620572846e-05,6.0966316110349035e-06,0.00013520822065981613,3.955539733396622e-05,3.8578758535550326e-05,0.00018765246762994934
